0.66112596 
1.0408416 
-0.12256328 
1.3201302 
0.56174827 
0.22229168 
1.2073374 
1.2537519 
1.200946 
-0.39178744 
0.4691366 
1.003684 
0.6147731 
1.3204079 
0.9930845 
0.6903065 
-0.15636215 
-0.12602183 
0.66318405 
0.24772206 
1.3856301 
1.3810369 
0.92456496 
0.6085141 
0.71959174 
0.8679372 
0.49278715 
0.36003277 
0.71497893 
0.8980268 
0.38060877 
1.2016013 
1.1755972 
-0.6421216 
0.19014421 
0.9750983 
1.1932977 
1.4145235 
0.5542337 
-0.026462624 
-0.14652221 
1.3498443 
0.6805232 
0.8818493 
1.114073 
0.7708093 
0.77734476 
-0.36645803 
1.1310439 
1.2877289 
0.264587 
0.2912819 
1.1544651 
0.114275396 
-0.33676136 
0.6946948 
0.5958551 
0.72094184 
0.75503975 
-0.13290569 
0.8039983 
0.36716387 
1.122858 
0.12140066 
-0.4111921 
-0.48914665 
1.0146352 
0.4509131 
0.6075255 
0.69710094 
0.21797547 
1.0739496 
-0.12824969 
1.1954 
0.8128213 
1.341968 
0.30088776 
-0.4436477 
0.39260128 
1.412587 
0.21632594 
1.0633395 
1.0163895 
-0.40623426 
1.0635633 
1.4371388 
1.0144911 
0.9437525 
1.0228646 
0.3710231 
0.79734814 
0.9832427 
0.019861115 
0.14276208 
1.3997006 
0.60557234 
0.026062489 
0.29869315 
0.76368266 
0.84803104 
-0.33266425 
0.22960496 
0.121903345 
1.029128 
0.42740268 
1.4097556 
0.21672636 
0.93304914 
1.3868021 
0.42244598 
1.2305063 
0.9627982 
1.2153617 
0.56646925 
-0.049216248 
0.80809593 
1.0011194 
0.5384718 
0.45344836 
0.1509323 
1.1427243 
0.20314002 
0.56261766 
0.42865756 
1.3293142 
1.2778921 
-0.2085681 
1.016552 
0.18036173 
-0.65731305 
0.022345738 
-0.14790078 
1.0390869 
0.068487495 
0.8520716 
0.815366 
-0.17488994 
0.27801514 
0.29841173 
1.0829327 
1.253143 
0.45267007 
1.0460154 
0.50485516 
0.3026433 
0.6202746 
-0.31507942 
0.79139674 
0.56762224 
0.8304246 
-0.5456416 
-0.3111266 
0.989366 
0.5879597 
0.5158683 
1.31834 
1.0402032 
0.8788057 
1.2302301 
-0.21168056 
-0.020694727 
0.6686791 
0.5359254 
0.5686194 
1.3814884 
1.0054115 
-0.13846594 
0.6553573 
-0.14396311 
0.8352861 
1.0040863 
0.51801485 
1.3218088 
1.0678735 
0.97243685 
1.3105941 
-0.4013426 
0.3561601 
0.37435558 
0.16256227 
1.0950623 
0.116723426 
0.528256 
0.080462545 
1.0949584 
0.6895735 
0.50221056 
0.89804417 
0.6098908 
0.7313036 
0.9129464 
-0.2091043 
1.0839928 
1.1550955 
1.2260815 
0.74933726 
0.9048334 
-0.59805447 
-0.10498975 
0.9065989 
1.2139305 
-0.40171778 
0.9187999 
1.36403 
1.1015055 
0.6974834 
-0.10082429 
1.4138113 
-0.38466093 
1.39249 
-0.405647 
0.8424125 
0.16398826 
0.98664874 
0.70469207 
0.022656884 
0.9803542 
-0.07383258 
1.3667579 
0.21325777 
1.3379973 
0.7762164 
0.21115309 
1.2304181 
1.2699755 
1.012743 
1.0612302 
0.6173978 
1.1537687 
1.2985332 
0.9533002 
0.26143268 
0.35728195 
0.16857226 
1.3661159 
0.41299066 
0.4369485 
1.2821767 
0.59127235 
0.89181066 
0.8561932 
0.5038435 
1.2914065 
1.3837969 
0.5114924 
0.2804529 
0.77158064 
0.22916374 
1.3983312 
1.1204201 
-0.24271184 
0.2688293 
-0.054633338 
0.39200374 
-0.5079723 
1.3340132 
1.127089 
1.3798597 
0.3691116 
-0.12213367 
0.76235163 
0.80303824 
0.6394622 
0.13049722 
1.1358519 
-0.24889758 
1.3423681 
0.22883372 
1.3448048 
0.4259081 
0.9400217 
0.5782884 
0.50184315 
1.0024662 
0.8007999 
-0.15170498 
1.3679887 
0.05774926 
1.1325856 
1.3512981 
1.2153368 
0.08473935 
-0.094140396 
0.93855065 
1.1567446 
-0.15976672 
-0.080505155 
0.36859637 
1.1791947 
1.2002243 
0.6624993 
1.1476151 
0.36895686 
1.1410476 
0.66600955 
0.5664236 
0.6155422 
0.52120066 
1.0458366 
1.4132806 
0.24272375 
1.3707387 
0.30367082 
0.45208427 
0.475803 
1.1993531 
1.3296114 
1.3702952 
1.201754 
0.3401985 
1.2009101 
0.6957471 
1.3281884 
-0.12526095 
0.87763363 
0.82410645 
0.83475745 
-0.048744332 
1.3446391 
0.24370998 
1.3440053 
1.0697266 
-0.46973565 
1.0325983 
0.4733518 
1.2684586 
0.38334066 
0.350381 
0.09484903 
1.416199 
-0.2022664 
0.41148257 
0.5489092 
1.0216612 
1.2138042 
1.1014519 
0.14695747 
0.6919142 
1.1100862 
0.526952 
1.0440112 
1.150587 
1.2023047 
0.77910185 
1.0085659 
0.7483904 
-0.4351192 
-0.22159056 
-0.26541734 
-0.33755228 
1.2073474 
0.52257115 
1.1239843 
1.3882811 
0.5884437 
0.41081017 
0.29662248 
-0.23042275 
1.2193916 
0.33195037 
0.367721 
-0.13213675 
1.1207907 
1.0432551 
1.0333806 
0.7134482 
1.3270346 
0.57510203 
-0.6587351 
0.14885548 
0.72309446 
0.09343693 
0.07784631 
1.1383157 
1.3075258 
-0.23879208 
-0.27973887 
-0.32174698 
0.8764989 
0.37730244 
-0.2929575 
0.6113702 
0.28566545 
0.2393863 
0.5161972 
0.26597947 
-0.3902905 
1.4348996 
0.41830286 
1.2090389 
0.9829194 
0.98368293 
0.371768 
1.2458371 
0.55450517 
0.22433075 
1.2868792 
1.0621855 
1.1557416 
1.2635326 
-0.011438898 
1.3230096 
1.3102199 
1.4160125 
1.3777485 
-0.47966 
0.5879193 
0.8457059 
0.5830718 
0.87922645 
0.44202125 
0.82388574 
1.2833375 
0.3900156 
0.32136554 
1.1380275 
1.2516012 
1.0255755 
0.6062564 
1.2059128 
-0.4512483 
0.76846975 
0.88954157 
0.42678723 
0.16384603 
0.18345249 
0.30557978 
1.272436 
1.2080859 
-0.45542988 
0.98422885 
1.4210916 
-0.3701595 
0.04259469 
1.1229095 
-0.062780224 
0.49562883 
0.2586654 
0.63986117 
0.36322942 
-0.24012554 
0.19021103 
0.9016374 
-0.18932794 
0.9432405 
0.89051723 
0.3831086 
1.3987416 
-0.25085482 
1.2978479 
0.22769566 
1.3481742 
0.8070696 
-0.47753036 
1.0450542 
0.6878472 
1.1509881 
0.62901014 
1.2277778 
1.0537617 
1.0436982 
0.74601275 
1.2392477 
0.79625976 
1.2609885 
-0.46715575 
0.89353853 
1.3769462 
1.0914704 
1.2430023 
0.5101597 
1.0369611 
0.82386893 
-0.22865275 
1.1833473 
0.6369685 
0.08880834 
1.2857533 
1.1183337 
-0.63290346 
-0.2810933 
1.0502847 
0.54862 
0.6855841 
0.082938865 
1.3837506 
1.0349863 
0.4629782 
1.0999101 
1.3655694 
0.48283663 
1.3208722 
0.95347 
0.44164842 
-0.15026723 
0.44445887 
-0.5054044 
0.28627673 
0.6311718 
0.24594666 
1.2760217 
1.1946124 
1.1524235 
1.1232495 
0.1456691 
1.2104363 
-0.04485064 
1.2870173 
0.83818823 
1.0908271 
0.70109236 
0.5171226 
1.0406866 
1.0289938 
0.32999146 
0.12014178 
0.06259154 
-0.2650841 
1.3458527 
0.5192934 
-0.060166646 
0.90222335 
-0.107919835 
0.9207245 
0.57605296 
0.5193482 
-0.45233774 
0.7818449 
1.2875842 
0.48940226 
1.2565495 
1.1448795 
1.288562 
1.2377614 
-0.5778468 
1.0839379 
0.9099078 
1.0895422 
0.4040625 
-0.5875971 
0.9589801 
0.9567247 
1.3654321 
-0.2933788 
-0.08424709 
0.98707426 
0.120813884 
0.87890977 
-0.086337134 
0.9088221 
-0.12359168 
1.0110525 
1.1129009 
0.9093565 
0.6882303 
0.183202 
-0.14638594 
1.2551688 
1.1761736 
0.99328023 
1.2614101 
1.2830919 
0.09514344 
0.9391405 
1.3075181 
0.25341895 
0.43335125 
0.72007394 
1.2441407 
1.3995906 
1.053164 
1.3886018 
0.010172018 
1.4331366 
0.6176068 
0.2677127 
1.1947016 
-0.016792702 
1.2291197 
1.3106931 
0.41788638 
0.09063628 
1.1559901 
0.86071074 
0.49804237 
1.0742583 
0.581036 
-0.030550882 
0.8914307 
0.43807122 
1.1789987 
-0.017893061 
0.5364859 
0.31638938 
0.23711127 
0.97333354 
0.8022817 
0.93100137 
-0.49410278 
-0.09365176 
0.031668022 
-0.15148464 
1.4316561 
1.0843242 
1.0808903 
-0.12861903 
0.007548802 
0.10162093 
1.3822223 
-0.29996175 
0.6801017 
0.13596949 
0.26233527 
0.23322262 
1.0966706 
1.1051283 
1.2749091 
1.2280309 
1.0875108 
0.41733867 
1.0359904 
1.3289127 
0.7351703 
0.36657664 
0.7143138 
0.47868538 
0.6232772 
-0.47488183 
0.5057343 
1.1173155 
0.43143377 
0.32648897 
1.2304274 
0.9963508 
0.8959355 
0.07597385 
0.58288926 
1.1603295 
-0.06122943 
-0.14512259 
-0.10515148 
1.1422505 
-0.29101935 
0.2619807 
0.105585895 
0.25872394 
0.29358774 
0.74057484 
0.39690334 
1.0045282 
0.65496206 
0.9106908 
0.28584754 
1.1651417 
0.7943794 
-0.26931283 
0.09073082 
1.2617317 
0.130948 
0.3158022 
1.2867876 
1.4099445 
-0.23404343 
0.027472813 
0.52478546 
0.09834922 
1.4177982 
0.12812538 
1.3382767 
0.5792499 
1.326728 
0.49622554 
1.2936351 
1.1381426 
0.14986295 
0.19010192 
1.2504721 
1.0250213 
0.5572263 
0.39575285 
0.5793533 
-0.03275447 
1.2409719 
0.022465872 
0.3837102 
0.72108626 
0.66411453 
0.35195127 
1.0034243 
0.636664 
0.32722408 
0.19135468 
0.98695564 
0.8032451 
1.0216928 
0.70429057 
1.0018995 
1.1858253 
-0.4348779 
0.21773975 
0.99174774 
1.2936671 
-0.520074 
0.38084558 
0.6932784 
0.2650186 
0.6559671 
0.47114617 
1.0367342 
0.8847388 
1.3625542 
-0.52216125 
0.2740592 
0.70435154 
1.1615216 
1.366807 
1.1691248 
1.0554055 
0.7761975 
1.276113 
1.3105657 
1.2693563 
-0.3537517 
-0.59622127 
1.3446958 
-0.1320602 
1.1699141 
1.1687423 
0.21241269 
0.28530356 
0.4941752 
-0.3999893 
-0.4262543 
0.2775941 
-0.007191169 
0.7582792 
1.2481928 
0.647834 
0.079507016 
-0.040913213 
0.21648961 
0.79600567 
-0.014162892 
1.0825223 
0.36637044 
0.04970697 
-0.23474966 
0.07112143 
0.6592367 
0.8746695 
1.2141625 
1.1271816 
0.20043223 
-0.46998554 
0.67029744 
1.3567507 
1.3465531 
-0.24992645 
1.2728844 
0.022364715 
-0.3651985 
0.6091361 
0.4566308 
0.5796445 
1.0109288 
-0.02686881 
0.4394744 
1.2181193 
-0.2753861 
0.55640864 
1.2959083 
0.3769776 
-0.51296014 
0.8950855 
0.24025394 
0.8835258 
0.18582927 
0.9434804 
-0.3853467 
-0.3118986 
0.15438908 
0.21873738 
1.3519824 
0.59669596 
0.54412514 
1.3691057 
0.35403877 
1.2086948 
1.3810025 
-0.33699006 
-0.55908275 
-0.24861275 
-0.20242168 
1.3001404 
1.2962675 
1.3233606 
0.8355441 
-0.593817 
1.0998744 
0.8626316 
1.1949304 
1.3762513 
0.6607572 
-0.43429413 
1.3097966 
0.5286737 
1.2890171 
1.2502881 
1.3306161 
0.09654985 
0.41267624 
1.0966492 
-0.25169858 
1.3139619 
1.3611138 
-0.28037283 
0.8614919 
0.6480181 
0.7212112 
1.2354189 
0.5324947 
0.5574432 
0.35020125 
1.2166831 
1.3355861 
1.1321659 
-0.37459555 
-0.23462932 
0.053882703 
1.3006923 
0.38755074 
1.0349367 
1.036706 
1.1378373 
0.44406182 
-0.3450273 
1.1272222 
1.2632161 
-0.5213187 
0.68877405 
-0.55610585 
1.2467623 
1.2529972 
0.9902213 
0.52501726 
1.0103494 
0.7652494 
1.0550466 
1.1130847 
0.52769524 
0.36072612 
0.64976186 
1.0842676 
0.8157685 
0.7674032 
1.2948318 
0.045808047 
1.0358977 
1.0718595 
-0.15134495 
0.99737805 
-0.061442837 
1.2050974 
0.8095914 
-0.33081245 
1.1035337 
-0.025709089 
1.374607 
1.3430362 
0.74676144 
-0.41082892 
1.1486948 
0.77318734 
0.40115485 
1.2472973 
0.057719886 
0.84048283 
0.2665156 
1.2127546 
-0.2970764 
1.3518367 
-0.08654698 
0.8808444 
1.1029587 
-0.5623994 
1.1990038 
0.34523597 
0.77337044 
0.26762214 
-0.30668244 
0.3650489 
-0.27145377 
1.1655864 
0.8865384 
-0.42038947 
1.2200228 
-0.34632224 
-0.27334988 
0.28782725 
1.2429576 
-0.028087301 
0.3194195 
0.8757526 
1.3321939 
0.17347196 
0.5375429 
0.55831254 
1.0209591 
1.2363249 
0.6202789 
0.5093251 
-0.29651985 
1.1402439 
1.0125139 
1.3773404 
1.4197291 
1.1176115 
0.12684539 
1.0279018 
0.88559437 
1.3051692 
0.3186074 
0.35934263 
0.9996281 
-0.2944213 
0.9934167 
-0.6314718 
0.6293972 
0.08893559 
0.7697386 
0.5422271 
0.14780164 
0.48240092 
1.3887846 
0.60968333 
1.4139899 
1.0917944 
1.3999966 
1.0354344 
0.28805104 
0.87257546 
1.1588147 
0.9324284 
0.6669747 
1.3878627 
0.3357206 
0.33286235 
0.37225202 
1.0950521 
1.0329742 
0.40819842 
0.43642202 
-0.47411412 
1.3881596 
0.02402643 
1.1955122 
1.0359969 
0.063406825 
0.27685428 
0.8100029 
0.31112194 
0.93476224 
1.3830714 
0.41899848 
0.33849144 
1.2622243 
1.2273461 
0.77667314 
1.4091045 
0.98059714 
1.0944194 
0.1676965 
0.94393736 
0.1523978 
0.6952706 
-0.3298577 
1.1751552 
0.008218095 
0.59857976 
1.2555118 
-0.39261788 
1.0898647 
1.2304838 
1.2179219 
1.4199098 
0.382637 
-0.08073734 
0.5979296 
0.501518 
0.8962014 
0.046693135 
1.1238838 
1.1998482 
1.2105308 
0.51264757 
0.9802719 
-0.35497594 
1.1683185 
0.6761222 
1.1801256 
1.1065059 
0.9218804 
-0.32662794 
1.1294662 
0.81801945 
0.5461093 
0.6993305 
1.1996622 
0.18699428 
0.52636623 
-0.13492088 
1.1410711 
0.88921565 
1.2680916 
0.43887734 
0.5445604 
0.96775025 
0.7344534 
1.0364909 
0.8739383 
0.2293785 
1.3622334 
1.22538 
0.6315826 
-0.060505647 
1.314971 
1.3687631 
0.8617534 
1.0764104 
1.0566692 
0.6083337 
1.3350698 
1.1776941 
1.118082 
0.7605032 
0.95892876 
0.9383071 
0.1505053 
0.7752849 
1.192824 
0.784372 
-0.19113983 
-0.08346498 
0.048534956 
1.1772106 
0.9336001 
1.3521221 
1.2184968 
-0.093993686 
0.64079905 
1.2823104 
1.0200735 
0.44113672 
-0.17193665 
1.3128066 
0.62275225 
1.1352545 
0.8187007 
0.93869096 
-0.08500907 
-0.027204925 
0.84206486 
0.5142887 
1.3455967 
1.2663617 
0.11249614 
0.72076756 
1.2763963 
0.11061397 
-0.14934877 
0.7587298 
1.164511 
1.0954181 
-0.5418331 
-0.3474192 
1.0778404 
-0.018130522 
-0.32019302 
0.10417717 
0.9060496 
0.77757466 
1.3078325 
1.2102753 
0.014796552 
1.1346014 
0.23524868 
-0.17886473 
1.3451087 
1.4050492 
1.3492594 
1.3177476 
1.3740121 
0.49482045 
1.1781249 
0.007984966 
0.24155878 
0.5695856 
0.7504994 
1.290553 
0.13065235 
0.4338168 
0.7246532 
0.96779484 
0.8121799 
1.0554646 
0.8214018 
0.91479963 
1.4064704 
0.9593327 
0.42206544 
1.1735032 
0.9460779 
1.2461722 
-0.08687054 
0.49535668 
1.2995288 
0.9881564 
0.72339255 
1.1062831 
1.3918471 
0.15895155 
1.0160359 
1.060698 
1.2829669 
1.2253519 
0.55687624 
0.82808894 
1.4383805 
1.328825 
0.63972723 
0.44712865 
0.015888903 
0.4503331 
1.1995512 
-0.1908099 
1.0594583 
1.3134714 
0.79935443 
-0.5772257 
1.3619832 
-0.29212773 
0.9332152 
-0.13289605 
-0.2126207 
0.14940496 
0.7023161 
0.3954965 
-0.35980543 
0.8610677 
1.3813821 
1.0995783 
1.2137861 
1.3699971 
1.0664449 
-0.4816586 
-0.3205249 
1.1089501 
1.07147 
-0.34418046 
0.9680734 
0.066169694 
-0.08904932 
0.78826237 
0.88621175 
0.9066584 
1.3429794 
-0.05735965 
0.9321737 
0.55264544 
1.439469 
0.85475993 
-0.074094035 
0.10788915 
1.156636 
0.122958414 
1.0356411 
0.3006853 
0.29830822 
0.69118243 
0.4710652 
0.7486519 
1.0990052 
0.18583371 
0.9601947 
0.87894535 
0.35071108 
0.78566843 
1.1557006 
1.1757287 
1.1399852 
0.34687224 
0.0043483814 
0.029973913 
1.4018636 
-0.42028567 
-0.41112772 
-0.051578894 
0.5939549 
1.1957018 
-0.006003215 
1.3032383 
0.036371384 
0.9070843 
0.61749244 
1.0884031 
0.7008976 
1.3132031 
0.15656601 
1.3915781 
0.28025436 
1.417312 
0.90878195 
1.3229169 
-0.09902007 
1.0906262 
1.3866098 
0.72764957 
0.050288912 
-0.48969933 
0.94855696 
1.2601569 
1.2021365 
1.2397065 
1.2657562 
1.1586933 
1.3515496 
-0.38129777 
-0.28426462 
1.2973895 
1.3677696 
0.9084598 
0.062676914 
-0.16011281 
-0.48359573 
0.7284425 
-0.09970966 
0.98630226 
1.1217612 
0.70786244 
-0.5411175 
1.2918627 
1.083061 
1.3396022 
1.072869 
0.48139375 
0.239525 
0.08529588 
1.425053 
1.073071 
0.43662667 
0.44589365 
0.00950514 
-0.47056764 
0.18777171 
0.8116808 
0.9191977 
1.3570129 
0.6302195 
-0.39903763 
1.168215 
0.61695147 
1.2610655 
-0.31931993 
-0.04100504 
1.2663046 
0.8276458 
0.036181483 
-0.20131843 
0.9295054 
0.9329391 
-0.117385566 
0.850114 
0.22010747 
0.89577216 
0.4177319 
0.5926167 
1.3875287 
1.1515567 
0.49217525 
0.87401026 
1.1142848 
1.0504558 
1.274699 
1.1406229 
0.16177434 
0.81415474 
-0.08812695 
0.9417573 
1.2830571 
0.41618407 
-0.18227622 
1.219167 
1.090629 
1.1590438 
1.3270404 
1.1825396 
1.0910327 
0.7117464 
0.37076184 
1.0196575 
1.055697 
1.0039153 
1.1155112 
1.3871496 
-0.22068462 
-0.22240192 
0.07877687 
-0.24610418 
1.0197504 
-0.27050343 
0.9963658 
-0.03915621 
0.7204586 
-0.5541925 
1.3464328 
1.1371794 
0.43755227 
1.216512 
-0.072389215 
0.041824725 
-0.097223625 
1.2637359 
0.8655777 
0.37309593 
0.28754854 
1.0861446 
1.020822 
0.6880341 
1.2685113 
1.3776119 
1.1186739 
1.3222858 
0.9395824 
1.0508428 
0.7818993 
0.5975416 
1.0327647 
0.9518884 
0.87356997 
1.033595 
0.46584225 
0.9878532 
0.24058336 
1.2375308 
0.45594516 
1.1245824 
1.0046746 
1.392181 
0.56101274 
1.3513196 
0.40014684 
0.17747475 
0.9535008 
-0.06143283 
0.5099832 
0.85251427 
-0.44086182 
-0.241776 
0.25974548 
0.6768724 
0.8952889 
0.39347547 
0.46117643 
-0.3049427 
0.6260602 
-0.0023463878 
1.140882 
1.2822217 
-0.29081494 
0.1893248 
0.21252334 
1.339998 
1.3769422 
0.52759725 
1.3042337 
0.52644616 
1.1109505 
0.7397275 
0.13385266 
0.5047697 
-0.058402825 
-0.49949995 
1.0200642 
-0.53651404 
1.0127034 
1.3048607 
0.2522303 
-0.23687297 
1.2653896 
0.34449336 
1.0817211 
1.2431167 
0.82103866 
-0.49050388 
1.174988 
-0.17770484 
-0.46395278 
1.3557422 
0.8141359 
0.10040239 
1.0632067 
0.1357835 
1.260929 
0.8140182 
-0.062275425 
0.47732693 
1.1206529 
0.100851625 
-0.34185737 
1.1539954 
0.32688326 
0.6061141 
1.4183575 
-0.37450364 
0.44228742 
1.3710749 
-0.111422144 
1.0292679 
0.5647783 
0.8840718 
1.1554571 
0.99277896 
1.1991087 
1.32684 
0.080401585 
0.53389776 
0.03941241 
0.93212485 
1.0205384 
0.35870683 
1.2697752 
1.2104548 
0.92091 
1.2504283 
-0.22913507 
1.1606328 
1.069857 
1.3204589 
-0.3536177 
-0.108920194 
0.46062344 
1.1495126 
-0.27599132 
0.64055413 
1.0900958 
1.2034482 
0.6887636 
0.35934806 
0.41426405 
0.88983005 
1.2200967 
0.6531332 
0.62939286 
0.5147541 
0.83032835 
1.3298612 
1.2986201 
1.2928715 
-0.3268382 
0.071750954 
0.10593889 
1.349444 
1.310979 
1.2798755 
0.9410441 
0.90399 
1.3037578 
0.59198695 
1.0627 
-0.1366829 
1.0619967 
0.46311852 
-0.09267093 
-0.0020382777 
0.82048166 
0.91989297 
-0.24374928 
0.7272815 
0.1046138 
1.3525401 
0.93284935 
0.9401368 
-0.06511183 
0.3608744 
0.16735838 
-0.07682993 
0.21075639 
0.13832876 
0.5648967 
-0.23127955 
1.0345259 
1.3127373 
0.591943 
0.3639023 
1.1765157 
1.4194478 
0.06666999 
1.2250681 
1.2529421 
0.9545609 
1.0031244 
-0.11182822 
0.106105655 
0.8266752 
1.1783477 
0.641381 
-0.08217039 
0.9032898 
1.1342461 
-0.47140592 
0.4688804 
0.48342347 
0.6375302 
0.005278244 
0.18374711 
0.23867097 
-0.13806428 
-0.121688396 
1.2755483 
0.3888155 
1.1666183 
0.68333024 
0.090659544 
0.51152945 
1.2551265 
-0.48772675 
-0.5253673 
-0.14242965 
0.6282685 
1.1864535 
1.3492899 
1.2243772 
0.9031538 
-0.029748445 
1.0842422 
0.966109 
-0.10490432 
0.71458364 
0.8600385 
1.1673969 
1.2747198 
0.89007986 
0.5005337 
-0.4489893 
1.1102287 
1.2986059 
0.11138464 
0.20266604 
1.132298 
0.7357763 
0.98676264 
0.9531135 
0.75982136 
0.65194625 
-0.10696559 
-0.4823237 
-0.12163517 
-0.09741297 
0.87553674 
-0.45106083 
-0.4486709 
-0.11192766 
0.93901515 
1.1693652 
0.86174786 
0.4586526 
1.3124264 
1.2087761 
1.3929204 
1.2487599 
-0.6254458 
1.3174636 
0.4137949 
-0.24044238 
1.4288996 
0.7870481 
1.2716339 
1.0179696 
-0.38761768 
1.0006763 
-0.45089927 
0.83358747 
1.0183624 
-0.49400073 
-0.24412146 
0.16784614 
0.22048867 
1.2031355 
1.1355573 
0.3944301 
-0.25160924 
0.3789877 
0.7370926 
0.9790045 
0.78789383 
0.7579474 
1.3958596 
-0.1143792 
-0.19666006 
1.3882422 
1.079329 
0.06927555 
0.44340977 
1.3368655 
-0.44271946 
0.67071855 
-0.39469618 
-0.6471487 
0.948677 
0.2167116 
1.1450909 
1.0199265 
0.8604883 
0.014650628 
-0.24936713 
0.53965056 
-0.42206955 
0.83796823 
0.2777308 
0.98686284 
-0.1085578 
1.2410384 
0.111594655 
1.2802633 
0.44077587 
0.9285436 
1.1523428 
-0.21120009 
-0.3967209 
0.5981814 
-0.011722473 
1.3446633 
0.982395 
0.7345068 
0.6165442 
-0.29565004 
0.023847152 
0.5150656 
-0.011924679 
0.28155515 
0.19098742 
1.1468076 
1.413838 
1.4076166 
0.99873906 
0.75999075 
1.0722647 
-0.043610044 
0.18126419 
1.1219962 
1.0409719 
1.0180975 
0.42523968 
1.3940308 
1.3658112 
0.420623 
0.81961787 
-0.12222878 
1.4363467 
0.48726472 
1.1322519 
0.9378185 
0.10088666 
1.184263 
1.3837508 
1.3416643 
0.78176296 
0.69228464 
1.0445669 
0.6840822 
1.3901812 
1.180617 
0.75513715 
0.94774514 
-0.12950791 
1.1592817 
-0.5549502 
0.77589494 
0.35114896 
0.506266 
0.8940291 
0.9388423 
1.422482 
1.4223225 
0.36333868 
1.2666905 
0.3473043 
0.74836624 
-0.31264633 
0.96927816 
0.106714636 
1.0882709 
0.5559829 
-0.59670746 
1.318274 
1.0618185 
0.72499526 
0.8826567 
1.0676228 
0.73928857 
0.71067303 
0.8524414 
-0.4837589 
1.051765 
1.1659024 
1.2732508 
0.62669027 
1.1875784 
1.256434 
-0.19025351 
-0.0907626 
1.271776 
1.1057634 
1.3711199 
0.8834222 
1.2539405 
0.76158726 
1.1636766 
1.1613679 
0.4323229 
1.4150931 
0.41499934 
1.3835425 
1.3205825 
0.95880157 
1.014242 
0.91947323 
0.79524916 
0.858877 
1.4262161 
0.2995761 
1.3306653 
0.0030256722 
1.2729706 
0.8212408 
0.80318314 
1.3532192 
0.62835246 
1.0237025 
0.16923606 
0.06910616 
1.3821098 
0.25224292 
0.54936063 
0.21231592 
0.6904685 
1.1394943 
0.3996619 
1.3539609 
1.3531795 
-0.069452204 
-0.35891986 
1.2618105 
1.0721265 
0.92145085 
-0.3178675 
0.2422537 
0.9117932 
-0.062364087 
0.29120743 
0.113783985 
0.7719 
1.0517787 
1.1477033 
0.72405446 
1.0171044 
-0.0827334 
-0.63357115 
1.4491905 
0.63327265 
0.9341842 
0.90401495 
0.3255265 
0.99987453 
-0.1876329 
1.292884 
1.0063201 
1.17485 
1.2189083 
-0.47125208 
0.58052045 
1.0727756 
0.45967877 
0.36202303 
0.4068674 
0.5864645 
1.1309947 
0.25686443 
1.0709393 
0.36072665 
0.8651909 
-0.07741874 
0.66886216 
0.6762298 
-0.13255496 
1.2272894 
1.1906474 
0.8012477 
1.1679631 
0.82755226 
0.85759234 
0.11932592 
1.2552215 
0.5516197 
0.816212 
0.42517838 
-0.4842703 
0.8874218 
1.2482139 
1.0649514 
-0.2278947 
0.5561599 
1.1491872 
-0.1340244 
0.46516597 
1.0998167 
-0.34364498 
-0.41326123 
0.61530596 
0.80968577 
0.29536211 
0.43619722 
0.9166784 
1.2175015 
1.2175711 
1.344133 
1.0517697 
1.4023563 
0.94210035 
1.4055446 
0.39248735 
0.40140378 
0.8646301 
-0.34829998 
-0.19423118 
0.8631522 
-0.481725 
0.92801696 
0.7728013 
1.224203 
0.64035875 
0.13790676 
1.1868712 
1.3139479 
1.3730224 
1.3995032 
0.93864375 
1.1801717 
0.2843048 
0.9101104 
1.2781477 
0.069504716 
1.0522127 
0.89834297 
1.1651926 
1.0389086 
0.48900786 
0.11926866 
0.49302155 
0.95292294 
0.22629397 
0.25957808 
1.003975 
0.119166166 
0.27592143 
0.7134694 
1.2508386 
1.2933724 
0.19461313 
-0.28296015 
0.9367136 
-0.046519645 
0.8389178 
0.12757386 
0.17697963 
1.0271908 
0.8907538 
0.081095256 
1.2301573 
0.3237785 
0.16036102 
1.3225654 
1.1344742 
1.3700682 
-0.62459 
1.0837705 
0.28438306 
1.385945 
1.3042763 
0.58094543 
0.8268802 
0.53586614 
1.2861449 
0.3870057 
0.77413905 
0.861079 
0.10226428 
1.1377417 
1.2221868 
0.9497523 
0.54389346 
0.5686332 
-0.51222503 
0.6803409 
0.9963284 
0.985033 
-0.026368082 
-0.46623638 
1.2918385 
0.8941993 
0.7347616 
1.1880506 
0.06475402 
1.3712566 
0.59898627 
0.309923 
0.40092906 
0.44423115 
0.5115122 
-0.1656643 
-0.15297666 
-0.1517613 
0.23415548 
1.2031246 
0.8930125 
0.9446272 
-0.042812377 
1.3847566 
1.3007085 
0.39712214 
0.067315124 
0.51835936 
0.0317983 
-0.23420386 
-0.3299633 
1.1374011 
0.912559 
0.29651183 
1.0234876 
1.1104573 
1.2870201 
1.2199495 
0.7959369 
1.2171022 
1.1679683 
0.7211594 
0.74853325 
-0.120273255 
0.009298531 
0.71353346 
0.7773229 
0.4658089 
0.87629807 
0.037899654 
1.3029294 
1.2679429 
0.44017753 
-0.16060033 
-0.057468835 
1.2699181 
1.3223522 
0.4346286 
0.32261708 
-0.21592867 
0.70972455 
0.020164356 
0.037903268 
1.2336022 
0.63650805 
1.3595725 
0.5976306 
0.92139596 
1.2912357 
1.2476227 
0.40158683 
0.523567 
1.0800544 
-0.12547794 
1.2173185 
1.2921883 
0.83572745 
0.4961458 
0.0037999395 
1.260915 
1.228989 
1.2595179 
1.0222546 
0.5241264 
-0.36584508 
1.1461097 
0.8330898 
1.0646074 
-0.6087842 
1.247679 
1.0299538 
1.3541248 
1.1889595 
1.24648 
-0.070619784 
-0.22437772 
